zone.home:
  friendly_name: Home - 2058 Melette
  latitude: 45.4613984
  longitude: -75.46722219999998
  radius: 20
